Seg_# ; Arr_time  ;Del_Time  ;Stall_Dur  ;Rep_Level  ;Del_Rate  ;Act_Rate  ;Byte_Size  ;Buff_Level  ;RTT       ;Codec ;  Width  ; Height ;  FPS   ;Seg_Dur ;  Start  ;P.1203 QoE	
    1 ;      773  ;     773  ; 0.000000  ;      237  ;    3190  ;     308  ;   308446  ;     8.000  ;0002.153  ;h264  ;  320    ; 180    ;  24    ; 8.000  ;   0.000	;1.87753
    2 ;     8185  ;    5258  ; 0.000000  ;      237  ;     340  ;     223  ;   223794  ;    16.000  ;0003.861  ;h264  ;  320    ; 180    ;  24    ; 8.000  ;   8.000	;1.87753
    3 ;    21633  ;    9585  ; 0.000000  ;      237  ;     170  ;     204  ;   204473  ;    14.415  ;0001.891  ;h264  ;  320    ; 180    ;  24    ; 8.000  ;  16.000	;1.87753
    4 ;    28378  ;    4852  ; 0.000000  ;      237  ;     279  ;     169  ;   169501  ;    17.562  ;0003.737  ;h264  ;  320    ; 180    ;  24    ; 8.000  ;  24.000	;1.87753
    5 ;    44587  ;   12471  ; 0.000000  ;      237  ;     180  ;     281  ;   281896  ;    13.090  ;0008.818  ;h264  ;  320    ; 180    ;  24    ; 8.000  ;  32.000	;1.88460
    6 ;    61192  ;    7785  ; 0.000000  ;      237  ;     387  ;     377  ;   377136  ;    13.305  ;0005.303  ;h264  ;  320    ; 180    ;  24    ; 8.000  ;  40.000	;1.88648
    7 ;    71105  ;    4608  ; 0.000000  ;      237  ;     510  ;     294  ;   294127  ;    16.696  ;0004.606  ;h264  ;  320    ; 180    ;  24    ; 8.000  ;  48.000	;1.88648
    8 ;    81328  ;    5615  ; 0.000000  ;      237  ;     306  ;     215  ;   215368  ;    19.081  ;0009.390  ;h264  ;  320    ; 180    ;  24    ; 8.000  ;  56.000	;1.89207
    9 ;    98688  ;    7968  ; 0.000000  ;      237  ;     161  ;     160  ;   160539  ;    19.112  ;0014.089  ;h264  ;  320    ; 180    ;  24    ; 8.000  ;  64.000	;1.89207
   10 ;   119968  ;    7189  ; 0.000000  ;      237  ;     149  ;     134  ;   134409  ;    19.922  ;0009.024  ;h264  ;  320    ; 180    ;  24    ; 8.000  ;  72.000	;1.89207
   11 ;   136704  ;    7711  ; 0.000000  ;      237  ;     153  ;     147  ;   147592  ;    20.211  ;0006.463  ;h264  ;  320    ; 180    ;  24    ; 8.000  ;  80.000	;1.89207
   12 ;   147474  ;    4305  ; 0.000000  ;      237  ;     205  ;     110  ;   110477  ;    23.905  ;0005.818  ;h264  ;  320    ; 180    ;  24    ; 8.000  ;  88.000	;1.89207
   13 ;   156946  ;    3653  ; 0.000000  ;      237  ;     241  ;     110  ;   110374  ;    28.252  ;0008.164  ;h264  ;  320    ; 180    ;  24    ; 8.000  ;  96.000	;1.89207
   14 ;   184334  ;   19223  ; 0.000000  ;      237  ;     187  ;     451  ;   451486  ;    17.029  ;0007.478  ;h264  ;  320    ; 180    ;  24    ; 8.000  ; 104.000	;1.89207
   15 ;   195302  ;    3488  ; 0.000000  ;      237  ;     635  ;     277  ;   277319  ;    21.540  ;0008.495  ;h264  ;  320    ; 180    ;  24    ; 8.000  ; 112.000	;1.88064
   16 ;   211844  ;    8047  ; 0.000000  ;      237  ;     243  ;     244  ;   244698  ;    21.493  ;0013.309  ;h264  ;  320    ; 180    ;  24    ; 8.000  ; 120.000	;1.88064
   17 ;   229144  ;    3990  ; 0.000000  ;      237  ;     307  ;     153  ;   153492  ;    25.502  ;0003.181  ;h264  ;  320    ; 180    ;  24    ; 8.000  ; 128.000	;1.88064
   18 ;   238415  ;    6084  ; 0.000000  ;      237  ;     238  ;     181  ;   181634  ;    27.418  ;0010.058  ;h264  ;  320    ; 180    ;  24    ; 8.000  ; 136.000	;1.88747
   19 ;   267765  ;   19291  ; 0.000000  ;      237  ;      71  ;     172  ;   172817  ;    16.127  ;0007.145  ;h264  ;  320    ; 180    ;  24    ; 8.000  ; 144.000	;1.88933
   20 ;   286204  ;   11293  ; 0.000000  ;      237  ;     272  ;     383  ;   383988  ;    12.833  ;0017.712  ;h264  ;  320    ; 180    ;  24    ; 8.000  ; 152.000	;1.88933

