Seg_# ;Arr_time  ;Del_Time  ;Stall_Dur  ;Rep_Level  ;Del_Rate ; Act_Rate  ;Byte_Size  ;uff_Level ; RTT       ;Codec  ; Width  ; Height ;  FPS  ; Seg_Dur ;  Start   ;P.1203 QoE	
    1 ;   14390  ;   14390  ; 0.000000  ;      237  ;     171 ;      308  ;   308446  ;    8.000 ; 0003.282  ;h264   ; 320    ; 180    ;  24   ;  8.000  ;   0.000	;1.87753
    2 ;   25807  ;    8135  ; 0.000000  ;      237  ;     220 ;      223  ;   223794  ;   16.000 ; 0003.052  ;h264   ; 320    ; 180    ;  24   ;  8.000  ;   8.000	;1.87753
    3 ;   35610  ;    6749  ; 0.000000  ;      237  ;     242 ;      204  ;   204473  ;   17.250 ; 0007.624  ;h264   ; 320    ; 180    ;  24   ;  8.000  ;  16.000	;1.87753
    4 ;   50925  ;    7689  ; 0.000000  ;      237  ;     176 ;      169  ;   169501  ;   17.561 ; 0006.885  ;h264   ; 320    ; 180    ;  24   ;  8.000  ;  24.000	;1.87753
    5 ;   64448  ;    6636  ; 0.000000  ;      237  ;     339 ;      281  ;   281896  ;   18.924 ; 0006.127  ;h264   ; 320    ; 180    ;  24   ;  8.000  ;  32.000	;1.88460
    6 ;   83201  ;   12624  ; 0.000000  ;      237  ;     238 ;      377  ;   377136  ;   14.300 ; 0008.377  ;h264   ; 320    ; 180    ;  24   ;  8.000  ;  40.000	;1.88648
    7 ;  107682  ;   16103  ; 1.803000  ;      237  ;     146 ;      294  ;   294127  ;    8.000 ; 0010.653  ;h264   ; 320    ; 180    ;  24   ;  8.000  ;  49.803	;1.88648
    8 ;  128272  ;    9936  ; 1.936000  ;      237  ;     173 ;      215  ;   215368  ;    8.000 ; 0005.806  ;h264   ; 320    ; 180    ;  24   ;  8.000  ;  59.739	;1.80046
    9 ;  138380  ;    4301  ; 0.000000  ;      237  ;     298 ;      160  ;   160539  ;   11.699 ; 0007.362  ;h264   ; 320    ; 180    ;  24   ;  8.000  ;  67.739	;1.73234
   10 ;  148698  ;    2954  ; 0.000000  ;      237  ;     363 ;      134  ;   134409  ;   16.744 ; 0008.018  ;h264   ; 320    ; 180    ;  24   ;  8.000  ;  75.739	;1.74739
   11 ;  162337  ;    5620  ; 0.000000  ;      237  ;     210 ;      147  ;   147592  ;   19.123 ; 0010.636  ;h264   ; 320    ; 180    ;  24   ;  8.000  ;  83.739	;1.73727
   12 ;  182940  ;    9967  ; 0.000000  ;      237  ;      88 ;      110  ;   110477  ;   17.156 ; 0005.154  ;h264   ; 320    ; 180    ;  24   ;  8.000  ;  91.739	;1.73963
   13 ;  199111  ;   11016  ; 0.000000  ;      237  ;      80 ;      110  ;   110374  ;   14.140 ; 0006.702  ;h264   ; 320    ; 180    ;  24   ;  8.000  ;  99.739	;1.74130
   14 ;  223083  ;   17268  ; 3.128000  ;      237  ;     209 ;      451  ;   451486  ;    8.000 ; 0004.458  ;h264   ; 320    ; 180    ;  24   ;  8.000  ; 110.867	;1.75151
   15 ;  232075  ;    4533  ; 0.000000  ;      237  ;     489 ;      277  ;   277319  ;   11.466 ; 0010.447  ;h264   ; 320    ; 180    ;  24   ;  8.000  ; 118.867	;1.66696
   16 ;  262671  ;   20147  ; 8.681000  ;      237  ;      97 ;      244  ;   244698  ;    8.000 ; 0007.571  ;h264   ; 320    ; 180    ;  24   ;  8.000  ; 135.548	;1.67114
   17 ;  272832  ;    2588  ; 0.000000  ;      237  ;     474 ;      153  ;   153492  ;   13.411 ; 0011.999  ;h264   ; 320    ; 180    ;  24   ;  8.000  ; 143.548	;1.67389
   18 ;  298841  ;   14009  ; 0.598000  ;      237  ;     103 ;      181  ;   181634  ;    8.000 ; 0015.949  ;h264   ; 320    ; 180    ;  24   ;  8.000  ; 152.146	;1.58183
   19 ;  338628  ;   23837  ;15.837000  ;      237  ;      57 ;      172  ;   172817  ;    8.000 ; 0005.757  ;h264   ; 320    ; 180    ;  24   ;  8.000  ; 175.983	;1.58921
   20 ;  344774  ;     387  ; 0.000000  ;      237  ;    7922 ;      383  ;   383988  ;   15.612 ; 0001.085  ;h264   ; 320    ; 180    ;  24   ;  8.000  ; 183.983	;1.59334
   21 ;  346195  ;     335  ; 0.000000  ;      237  ;    8143 ;      341  ;   341595  ;   23.277 ; 0000.100  ;h264   ; 320    ; 180    ;  24   ;  8.000  ; 191.983	;1.55725
   22 ;  346650  ;     353  ; 0.000000  ;      237  ;    7174 ;      317  ;   317312  ;   30.923 ; 0000.122  ;h264   ; 320    ; 180    ;  24   ;  8.000  ; 199.983	;1.55941
   23 ;  347294  ;     521  ; 0.000000  ;      237  ;    7114 ;      463  ;   463655  ;   38.402 ; 0000.203  ;h264   ; 320    ; 180    ;  24   ;  8.000  ; 207.983	;1.54256
   24 ;  347808  ;     309  ; 0.000000  ;      237  ;    7080 ;      273  ;   273918  ;   46.092 ; 0000.155  ;h264   ; 320    ; 180    ;  24   ;  8.000  ; 215.983	;1.48530
   25 ;  348279  ;     315  ; 0.000000  ;      237  ;    6916 ;      272  ;   272905  ;   53.776 ; 0000.176  ;h264   ; 320    ; 180    ;  24   ;  8.000  ; 223.983	;1.49040
   26 ;  348733  ;     277  ; 0.000000  ;      237  ;    6570 ;      228  ;   228098  ;   61.499 ; 0000.133  ;h264   ; 320    ; 180    ;  24   ;  8.000  ; 231.983	;1.49370
   27 ;  349148  ;     280  ; 0.000000  ;      237  ;    7845 ;      275  ;   275180  ;   69.218 ; 0000.176  ;h264   ; 320    ; 180    ;  24   ;  8.000  ; 239.983	;1.49595
   28 ;  349570  ;     246  ; 0.000000  ;      237  ;    6092 ;      187  ;   187542  ;   76.972 ; 0000.139  ;h264   ; 320    ; 180    ;  24   ;  8.000  ; 247.983	;1.49885
   29 ;  349823  ;     113  ; 0.000000  ;      237  ;    4595 ;       65  ;    65011  ;   84.859 ; 0000.173  ;h264   ; 320    ; 180    ;  24   ;  8.000  ; 255.983	;1.50200
   30 ;  350249  ;     252  ; 0.000000  ;      237  ;    7649 ;      241  ;   241007  ;   92.607 ; 0000.070  ;h264   ; 320    ; 180    ;  24   ;  8.000  ; 263.983	;1.50305
   31 ;  350570  ;     250  ; 0.000000  ;      237  ;    7824 ;      244  ;   244925  ;  100.356 ; 0000.105  ;h264   ; 320    ; 180    ;  24   ;  8.000  ; 271.983	;1.50396
   32 ;  351237  ;     561  ; 0.000000  ;      237  ;    7353 ;      516  ;   516352  ;  107.794 ; 0000.104  ;h264   ; 320    ; 180    ;  24   ;  8.000  ; 279.983	;1.50477
   33 ;  351960  ;     618  ; 0.000000  ;      566  ;    8042 ;      621  ;   621484  ;  115.176 ; 0000.075  ;h264   ; 512    ; 288    ;  24   ;  8.000  ; 287.983	;1.51884
   34 ;  352656  ;     620  ; 0.000000  ;      759  ;    7537 ;      584  ;   584362  ;  122.556 ; 0000.131  ;h264   ; 512    ; 288    ;  24   ;  8.000  ; 295.983	;1.53120
   35 ;  353276  ;     488  ; 0.000000  ;      759  ;    8213 ;      501  ;   501794  ;  130.067 ; 0000.142  ;h264   ; 512    ; 288    ;  24   ;  8.000  ; 303.983	;1.53942
   36 ;  354581  ;    1163  ; 0.000000  ;     1069  ;    7606 ;     1105  ;  1105974  ;  136.904 ; 0000.113  ;h264   ; 640    ; 360    ;  24   ;  8.000  ; 311.983	;1.56016
   37 ;  356072  ;    1377  ; 0.000000  ;     1069  ;    8574 ;     1476  ;  1476690  ;  143.526 ; 0000.098  ;h264   ; 640    ; 360    ;  24   ;  8.000  ; 319.983	;1.60060
        